MY_ACCOUNT_ID = "0.0.14399"
MY_PRIVATE_KEY = "6e5e20e4586e8f09377403216e0dc241bdb02c54489bf0eaf0f13b19f116d42f"
MY_PUBLIC_KEY = "0f33651aa131357e920f7c37a07c73583f25ca0722e8203f6e9f2634d0530df7"

OTHER_ACCOUNT_ID1 = 0.0.3491752
OTHER_PRIVATE_KEY1 = 302e020100300506032b657004220420352bae15e5e132955033f8dbe840c9de92722b80c200c9b8eb6f37ac66456c1d
OTHER_PUBLIC_KEY1 = 302a300506032b6570032100c826771608c08b4a22833ba9d00facb52ae4ad61b1c709f4c0ca3b8cb88e4925

TOPIC_ID = 0.0.3492457


OTHER_ACCOUNT_ID2 = 0.0.3495876
OTHER_PRIVATE_KEY2 = 302e020100300506032b657004220420227dad429c628a88c9b648330c7369e836eba663f82d28f9076c2aa607a7aa06
OTHER_PUBLIC_KEY2 =  302a300506032b6570032100d8e06a974179f68ceadcb222cd1d5a4c9b4ac08a754262082d011d28eaf769df


OTHER_ACCOUNT_ID3 = 0.0.3495875
OTHER_PRIVATE_KEY3 = 302e020100300506032b65700422042068e668cf9d36b0ae1fe5fe6ef835fec49774ad7937cea20435f79b42aa0bd775
OTHER_PUBLIC_KEY3 =  302a300506032b6570032100a9514e1e7f3ac065353b84a5b7c5232e9fa5dae539cd30d2ffb805d81324822a


OTHER_ACCOUNT_ID4 = 0.0.3495872
OTHER_PRIVATE_KEY4 = 302e020100300506032b657004220420e993d9f5551e08a7a2bceb805b59fd414b2d5adf3268e25e192f25b0390a7a18
OTHER_PUBLIC_KEY4 =  302a300506032b6570032100185e6050d00b9ef27a4b38017d3c4c5f84201f79875240a3412513eaea5237cc


OTHER_ACCOUNT_ID5 = 0.0.3495883
OTHER_PRIVATE_KEY5 = 302e020100300506032b657004220420cd35cca7288c56b00ba8d7da1a36c09cba81a8c3623a903fd93c14065c21d597
OTHER_PUBLIC_KEY5 =  302a300506032b657003210084dce27270d2d5c9a5d4010f150a239d24ca57d7210a290c3f670b200bc99d7d
